Test<-1:15
Test^2